<svg version="1.1" id="Layer_1" xmlns="http://www.w3.org/2000/svg" xmlns:xlink="http://www.w3.org/1999/xlink" x="0px" y="0px"
	 width="100%" viewBox="0 0 230 64" enable-background="new 0 0 230 64" xml:space="preserve">
<path fill="#FFFEFD" opacity="1.000000" stroke="none" 
	d="
M149.000000,65.000000 
	C100.500008,65.000000 52.499928,64.965355 4.500222,65.083267 
	C1.517258,65.090591 0.886556,64.486259 0.913090,61.499249 
	C1.083335,42.334095 1.054402,23.166346 0.933743,4.000442 
	C0.917993,1.498660 1.500660,0.934438 4.000040,0.937031 
	C78.666618,1.014503 153.333313,1.014499 227.999893,0.937045 
	C230.499069,0.934452 231.081818,1.498431 231.066254,4.000359 
	C230.946030,23.332943 230.946045,42.666943 231.066223,61.999527 
	C231.081772,64.501183 230.500717,65.075348 227.999802,65.065247 
	C201.833542,64.959518 175.666687,65.000000 149.000000,65.000000 
z"/>
<path fill="#E75B46" opacity="1.000000" stroke="none" 
	d="
M112.001816,33.136101 
	C112.001778,40.925251 111.844757,48.237751 112.072739,55.538223 
	C112.175514,58.829174 111.503899,60.777119 107.834358,59.969681 
	C105.332764,59.419231 101.838631,61.970871 100.399826,57.581940 
	C100.213379,57.013206 98.754944,58.219479 97.916351,58.681995 
	C90.783737,62.615944 83.219612,61.449360 78.043793,55.625484 
	C72.578102,49.475441 72.247299,39.235245 77.298668,32.559547 
	C81.877243,26.508688 89.759071,24.667578 96.977776,27.843512 
	C98.390549,28.465076 99.363724,30.300797 101.659943,27.760946 
	C103.408562,25.826786 107.752342,26.727446 110.716637,27.446749 
	C113.155502,28.038553 111.576553,30.868500 112.001816,33.136101 
z"/>
<path fill="#E85D47" opacity="1.000000" stroke="none" 
	d="
M17.991154,47.984882 
	C17.991068,38.993546 17.830873,30.494366 18.070162,22.006449 
	C18.165102,18.638781 17.036184,17.492977 13.848752,17.955835 
	C13.033153,18.074272 12.165230,17.854149 11.356281,17.993042 
	C6.661167,18.799181 4.967869,17.166256 5.209017,12.167698 
	C5.400289,8.202981 6.472385,7.060617 10.383612,7.172495 
	C19.703466,7.439084 29.045404,7.506901 38.359821,7.158184 
	C43.312214,6.972773 42.556541,9.929155 42.652359,12.919659 
	C42.750690,15.988640 42.822823,18.234938 38.396950,18.093012 
	C30.016672,17.824276 30.007252,18.118601 30.007217,26.745617 
	C30.007177,36.406219 29.837597,46.071339 30.094933,55.725079 
	C30.190714,59.318256 29.052992,60.530342 25.617779,60.038937 
	C24.311993,59.852142 22.941551,59.878227 21.627857,60.035362 
	C18.852873,60.367279 17.686562,59.398067 17.942982,56.472229 
	C18.174763,53.827576 17.991434,51.146542 17.991154,47.984882 
z"/>
<path fill="#E85C46" opacity="1.000000" stroke="none" 
	d="
M187.211426,32.973793 
	C187.841141,34.004704 188.327301,34.696636 188.643723,35.459015 
	C191.976089,43.487579 190.891327,45.136101 182.317429,45.136570 
	C178.152496,45.136799 173.987137,45.105865 169.822922,45.160767 
	C168.753510,45.174870 167.273666,44.695637 166.920151,46.293308 
	C166.663651,47.452484 167.076340,48.609161 167.981018,49.486115 
	C170.995377,52.408051 174.900574,53.235542 177.988739,50.837242 
	C181.695801,47.958290 184.310471,49.664188 187.394485,51.211731 
	C189.205429,52.120464 189.265930,53.024040 188.076462,54.647980 
	C183.722885,60.591724 172.348907,62.865479 164.712189,59.179111 
	C157.092819,55.501118 153.137161,47.146915 155.242584,39.179676 
	C157.313950,31.341301 166.103714,25.406183 174.433517,26.323004 
	C179.381424,26.867594 183.823868,28.535408 187.211426,32.973793 
z"/>
<path fill="#E85D48" opacity="1.000000" stroke="none" 
	d="
M138.106628,37.055481 
	C138.523987,36.103783 138.812027,35.506325 139.084061,34.901653 
	C142.853790,26.522102 143.722809,26.096140 152.860580,27.118097 
	C154.962112,27.353134 155.599380,27.982510 154.590530,29.864792 
	C149.496201,39.369774 144.445435,48.899075 139.235382,58.340366 
	C137.963562,60.645050 131.366974,60.989952 130.116898,58.734478 
	C124.441002,48.493584 119.007660,38.118259 113.482506,27.782801 
	C114.215744,27.419348 114.351616,27.298195 114.494965,27.288597 
	C126.247917,26.501728 126.241127,26.505444 131.123062,37.342873 
	C132.136444,39.592468 133.221344,41.809841 134.584778,44.703030 
	C135.901093,41.865669 136.935486,39.636017 138.106628,37.055481 
z"/>
<path fill="#E8624D" opacity="1.000000" stroke="none" 
	d="
M205.661957,6.501134 
	C205.757416,23.233000 205.555695,39.519127 205.906998,55.793312 
	C206.015564,60.822536 203.215836,60.143745 200.267853,60.002785 
	C197.455811,59.868320 193.945404,61.453522 194.059052,55.889297 
	C194.374496,40.444759 194.257645,24.988649 194.098145,9.539312 
	C194.063385,6.171408 194.849701,4.446444 198.467834,5.061666 
	C200.828232,5.463026 203.434753,4.094450 205.661957,6.501134 
z"/>
<path fill="#E75843" opacity="1.000000" stroke="none" 
	d="
M223.060425,11.116298 
	C223.060425,26.081457 222.871475,40.566265 223.174927,55.040749 
	C223.266541,59.410484 221.833527,60.443325 217.841568,60.073338 
	C214.584869,59.771496 211.564987,60.819447 211.739044,55.268192 
	C212.203033,40.468998 211.962723,25.645159 211.850021,10.832275 
	C211.822189,7.173711 211.690369,4.558332 216.899216,4.905953 
	C221.120911,5.187696 224.155411,5.272056 223.060425,11.116298 
z"/>
<path fill="#E85C47" opacity="1.000000" stroke="none" 
	d="
M67.994286,37.056129 
	C60.375477,35.127808 57.049126,37.570854 56.946175,44.819397 
	C56.905968,47.650509 56.938904,50.482655 56.938499,53.314331 
	C56.937607,59.505505 52.946438,62.116661 46.921051,59.997879 
	C45.377010,59.454929 45.488327,58.349430 45.485596,57.229027 
	C45.463665,48.234375 45.515385,39.239338 45.447628,30.245148 
	C45.429474,27.835060 46.504066,26.700109 48.750885,27.217073 
	C51.741165,27.905104 56.331898,24.646931 57.391418,30.895643 
	C61.392876,27.349560 65.649902,25.179266 71.073555,26.952154 
	C73.573738,27.769419 74.498909,28.866278 72.816902,31.145164 
	C71.337845,33.149094 71.545425,36.404072 67.994286,37.056129 
z"/>
<path fill="#FFFBFB" opacity="1.000000" stroke="none" 
	d="
M90.781693,36.448013 
	C94.977638,35.461182 98.050003,36.541595 99.999275,40.044655 
	C101.506409,42.753143 101.247131,45.508305 99.569511,48.049644 
	C97.697983,50.884739 94.870811,51.545475 91.703545,51.047901 
	C88.578491,50.556953 86.598473,48.669434 86.030807,45.598328 
	C85.292259,41.602726 86.461792,38.385864 90.781693,36.448013 
z"/>
<path fill="#FEF8F8" opacity="1.000000" stroke="none" 
	d="
M167.159317,37.456005 
	C170.487228,33.293079 175.290085,32.703606 177.781479,35.797340 
	C178.382080,36.543152 179.243713,37.484043 178.590973,38.429329 
	C178.266602,38.899117 177.108887,39.063412 176.395721,38.948105 
	C173.306213,38.448574 169.945038,40.246891 167.159317,37.456005 
z"/>
</svg>